%YAML:1.0
---
camera_matrix: !!opencv-matrix
   rows: 3
   cols: 3
   dt: d
   data: [ 1.3238326092508680e+03, 0., 9.5628140570599328e+02, 0.,
       1.3250502308647808e+03, 5.6119856005101190e+02, 0., 0., 1. ]
distance_coeffs: !!opencv-matrix
   rows: 1
   cols: 5
   dt: d
   data: [ 1.4512949959411847e-01, -4.9751364179178909e-01,
       2.2294097075116264e-03, -1.1137016678448024e-03,
       4.5518702040461911e-01 ]
