%YAML:1.0
---
camera_matrix: !!opencv-matrix
   rows: 3
   cols: 3
   dt: d
   data: [ 1.3226236052142585e+03, 0., 9.3980151942456280e+02, 0.,
       1.3222183724607812e+03, 5.6094793045695542e+02, 0., 0., 1. ]
distance_coeffs: !!opencv-matrix
   rows: 1
   cols: 5
   dt: d
   data: [ 9.7783714978408126e-02, -2.6426106692878681e-01,
       -4.0588234384198233e-04, 5.7382640513508763e-04,
       1.0188693008008920e-01 ]
