%YAML:1.0
---
camera_matrix: !!opencv-matrix
   rows: 3
   cols: 3
   dt: d
   data: [ 1.3699836319891760e+03, 0., 9.6698034126383027e+02, 0.,
       1.3722478976435618e+03, 5.5520472308580497e+02, 0., 0., 1. ]
distance_coeffs: !!opencv-matrix
   rows: 1
   cols: 5
   dt: d
   data: [ 1.4684038769677138e-01, -5.6951978105745238e-01,
       1.1639112965481511e-04, 7.2873895805477111e-05,
       5.6556168443419730e-01 ]
